r=       1.00000
A =       3.14159
